name	CTRL-1	CTRL-2	CTRL-3	CTRL-4	CTRL-5	CTRL-6	CTRL-7	CTRL-8	ZIKV-1	ZIKV-2	ZIKV-3	ZIKV-4	ZIKV-5	ZIKV-6	ZIKV-7	ZIKV-8
N-Acetyl-Asp-Glu	0.003292216	0.003155341	0.003294378	0.00329464	0.003323486	0.00306328	0.003198332	0.003408324	0.001918554	0.001825951	0.001915097	0.001617553	0.001816402	0.001925521	0.001690149	0.001987848
Homocysteine	0.00013245	0.000132526	0.000134512	0.000132428	0.000154829	0.000158524	0.000131933	0.000124062	0.000416199	0.000479655	0.000350619	0.000371026	0.000378374	0.000376495	0.000397635	0.000445125
CMP	0.00645553	0.00577234	0.006380428	0.007315359	0.0054273	0.007151055	0.006081461	0.006591083	0.011944016	0.013622136	0.013087685	0.015278761	0.014540606	0.01263148	0.013926222	0.013941389
Glycine	0.000141555	0.000238228	0.000204629	0.00022396	0.000222295	0.000189422	0.000195643	0.000218917	0.000467485	0.000443818	0.000400836	0.000540744	0.000537814	0.000547189	0.000469551	0.000497795
N-Acetyl-aspartic acid	0.006222155	0.006974716	0.0069006	0.006674621	0.006847628	0.006454546	0.006552462	0.006793987	0.004855658	0.004370905	0.004651435	0.003704564	0.004784359	0.004302768	0.004045266	0.004896061
Phosphocholine 	0.026067856	0.030054369	0.030527728	0.024564562	0.028011774	0.027216652	0.026098272	0.02605906	0.015535686	0.014349835	0.018397841	0.012777465	0.014786152	0.016151943	0.013748143	0.015808858
Cysteine	2.60589E-05	3.13298E-05	3.34519E-05	3.0735E-05	3.24326E-05	2.57663E-05	3.19939E-05	3.60786E-05	5.40806E-05	5.38012E-05	6.80163E-05	6.25185E-05	6.45014E-05	6.28647E-05	5.49868E-05	5.47757E-05
2'-Deoxycytidine	0.001463535	0.001443725	0.001182655	0.001191753	0.001505744	0.00140453	0.001419783	0.001492318	0.003230581	0.003764815	0.00421431	0.004297938	0.00447361	0.003227561	0.004730268	0.003149887
NMN	0.004882532	0.004720608	0.003716821	0.003153214	0.003947798	0.004549574	0.004621957	0.004541822	0.008085325	0.008146636	0.009650412	0.011530673	0.010474275	0.009531616	0.008713244	0.008606532
UDP-N-acetylglucosamine	0.002765337	0.002954906	0.002966393	0.002810585	0.002872072	0.002958936	0.002956611	0.002936533	0.003352336	0.003679978	0.003427537	0.003397038	0.003485267	0.003762978	0.0033411	0.003671908
Ascorbic acid	0.002901498	0.002953817	0.003253627	0.002757877	0.003385707	0.003336508	0.003480005	0.003180372	0.002212878	0.001372487	0.00178454	0.001141224	0.001460696	0.001023788	0.001133694	0.002032753
Arginine	0.000449007	0.000557895	0.000521681	0.000439064	0.000591156	0.000504354	0.000432836	0.000610776	0.000840178	0.001334102	0.00131766	0.001244525	0.001431637	0.001188705	0.001057875	0.000966761
Gamma-Glu-Cys	1.60237E-05	1.76753E-05	1.54694E-05	2.16568E-05	2.19339E-05	1.96851E-05	2.08001E-05	2.11127E-05	3.18802E-05	3.08944E-05	2.73493E-05	2.78984E-05	2.93686E-05	3.31432E-05	2.96177E-05	2.71957E-05
Homoserine	0.002198275	0.003094374	0.002747604	0.002399197	0.003247633	0.002647839	0.002671995	0.002965621	0.00451169	0.004345838	0.005275536	0.004369093	0.005157926	0.004400176	0.003722975	0.004672896
Gamma-Aminobutyric acid	0.003357924	0.003557164	0.003886342	0.003684994	0.004118582	0.003586922	0.004028673	0.003843976	0.002739172	0.002274127	0.002405807	0.001948729	0.002300592	0.002912545	0.002790795	0.002702791
Serine	0.001361525	0.001709229	0.001998529	0.001752104	0.001820263	0.001723155	0.001819679	0.001861534	0.002289066	0.002544182	0.003130657	0.002758031	0.00301646	0.003187601	0.002696061	0.002963431
Purine	0.000429169	0.00045552	0.000464457	0.000404916	0.000509895	0.000520667	0.000547575	0.00042116	0.000871504	0.001088326	0.000799261	0.001423156	0.001119343	0.001349202	0.00118834	0.001094967
N-Methyl-L-arginine	4.79655E-05	4.10333E-05	4.04037E-05	3.64644E-05	4.52392E-05	5.43101E-05	4.54668E-05	5.85726E-05	9.22502E-05	8.63063E-05	9.71998E-05	0.000118177	0.000136772	0.000131023	0.000104067	0.000143141
SDMA-ADMA	0.002769779	0.003083477	0.003576481	0.003781662	0.002802936	0.003576566	0.003620696	0.003728217	0.010805351	0.011560851	0.008823265	0.020447534	0.011741448	0.017164599	0.016563147	0.016164477
1-Methylhistidine or 3-Methylhistidine 	0.000379987	0.000396647	0.000479086	0.000571412	0.00031629	0.000493584	0.000476301	0.000465291	0.002983027	0.00250571	0.001050897	0.003564738	0.002039434	0.002757265	0.002557935	0.002140946
Guanidineacetic acid	0.000811361	0.000857853	0.001325023	0.00081824	0.000946657	0.00086432	0.000908139	0.001383372	0.00208502	0.002807796	0.002839234	0.003448271	0.003306594	0.001937876	0.002163203	0.002389823
Thymidine	5.23942E-05	4.26734E-05	5.95836E-05	7.75763E-05	4.80392E-05	3.83929E-05	5.04456E-05	5.14058E-05	0.000147852	0.000134385	0.000126977	0.000229404	0.000152268	0.000145596	0.00019387	0.00011926
Creatine	0.056059663	0.052978666	0.058835106	0.051182102	0.054228071	0.056649924	0.056442134	0.061492745	0.048536133	0.04122273	0.042977405	0.035486722	0.039298611	0.035918048	0.029650913	0.03973405
UDP-galactose	0.017105967	0.017096661	0.018294873	0.017175739	0.016319931	0.017381716	0.017450455	0.018543845	0.014531439	0.013089743	0.013851229	0.009970967	0.012192316	0.010288285	0.0103877	0.014358131
Glucuronic acid	0.000119791	9.74551E-05	0.000107732	8.79513E-05	9.5433E-05	8.89196E-05	8.76771E-05	0.000112706	0.000133432	0.000188793	0.000174902	0.00020891	0.000162626	0.000230774	0.000236956	0.000189589
Aspartic acid	0.003886492	0.00475665	0.004658105	0.004697722	0.004986783	0.004378523	0.004283854	0.004630683	0.003330305	0.003198308	0.003688521	0.003368727	0.003743434	0.003188375	0.003235575	0.00388778
Phenylalanine	0.004108795	0.004363965	0.00401977	0.003745901	0.004262079	0.00410483	0.004209429	0.00308184	0.008522899	0.013575714	0.007949844	0.018366365	0.014267266	0.015787781	0.017644867	0.011307631
Lysine	0.001660366	0.002034003	0.00211279	0.001959597	0.002583417	0.002400394	0.002294637	0.002067146	0.003387857	0.004459921	0.005501089	0.007691496	0.00567473	0.005201695	0.00560625	0.004392305
3-Methyl-2-oxovaleric acid	3.59213E-05	5.25105E-05	3.63071E-05	2.34038E-05	2.56618E-05	2.74399E-05	5.49045E-05	3.36338E-05	5.08947E-05	9.51771E-05	9.91217E-05	0.000112355	0.000100724	0.00012589	0.000137627	0.000109241
NR	0.000649207	0.000606225	0.000541015	0.000465082	0.00054121	0.000695039	0.000498776	0.000568559	0.000953245	0.000798505	0.000748181	0.001009451	0.000973428	0.00078029	0.000789412	0.0010185
N-Acetyl-L-glutamine	0.00499121	0.004266574	0.002515209	0.003336153	0.005165335	0.005012528	0.004115574	0.004204472	0.007740539	0.008813446	0.005207636	0.007422232	0.008912867	0.00904924	0.006858826	0.00753197
Pyridoxamine	6.43902E-05	8.13863E-05	4.68239E-05	7.69279E-05	6.74105E-05	7.30333E-05	4.38858E-05	7.70082E-05	0.000110115	0.000176238	0.000279333	0.000266783	0.00034875	0.000198857	0.000273119	0.000198851
Taurine	0.076164449	0.077366969	0.077697279	0.071997223	0.081978524	0.077799437	0.081160907	0.086504855	0.071037616	0.063354465	0.066158844	0.052106502	0.064020029	0.060518386	0.056036301	0.068157455
Glucosamine 6-phosphate	3.46549E-05	3.53436E-05	3.61377E-05	4.05685E-05	4.39943E-05	3.82328E-05	3.10998E-05	4.33234E-05	2.34691E-05	1.79412E-05	2.4793E-05	1.82442E-05	2.30979E-05	3.36086E-05	2.45244E-05	2.56616E-05
Glutamine	0.038566774	0.03945059	0.036962013	0.030362987	0.044331963	0.039905723	0.034817189	0.033961474	0.050043452	0.047610856	0.046799226	0.045330911	0.05306711	0.047015531	0.044824595	0.051569291
dCTP	0.000875706	0.000976236	0.000995377	0.000803946	0.000926186	0.000868757	0.000929536	0.00105814	0.000709861	0.000647678	0.000799229	0.000419502	0.000502087	0.000559967	0.000498583	0.000711199
Cystathionine 	0.001748323	0.00196235	0.001513369	0.000923922	0.001424082	0.001964925	0.001645875	0.001399628	0.002931353	0.003149426	0.003662189	0.003738838	0.003366679	0.002548166	0.001872667	0.003781131
Carnitine-C18	0.000230584	0.000272006	0.000235545	0.000241433	0.000213635	0.00015711	9.53985E-05	0.000143196	0.000645254	0.004603657	0.002997702	0.001883458	0.003138426	0.003375579	0.002353764	0.002150548
Alpha-ketoisovaleric acid	6.12212E-05	8.39166E-05	6.70899E-05	4.32288E-05	5.62486E-05	5.84E-05	9.81288E-05	5.23203E-05	8.9103E-05	0.000121643	0.000127067	0.000129554	0.000122078	0.00017738	0.000118034	0.000144655
GSSG	0.002133924	0.002407985	0.002387824	0.001370269	0.001974761	0.0025681	0.002512852	0.00227126	0.001393295	0.001140808	0.001654195	0.000801637	0.001093671	0.000794268	0.000590221	0.001377539
Methionine	0.006512899	0.008944011	0.009600245	0.007198364	0.008614142	0.008732148	0.008482304	0.007522015	0.009511487	0.012854655	0.016637273	0.018307834	0.015779469	0.019610964	0.01513232	0.02136796
Valine-Norvaline	0.008458231	0.008985887	0.009606559	0.00765115	0.0062647	0.006493327	0.007566859	0.0068849	0.009023331	0.011596641	0.013946981	0.010830516	0.010571074	0.012135984	0.012290723	0.011505497
Phosphopyruvic acid	0.002910237	0.002841834	0.00340655	0.00310289	0.002293972	0.001703398	0.003084907	0.002826987	0.001689115	0.001205071	0.001746857	0.00076165	0.001840263	0.001425826	0.001803751	0.001224029
NADH	0.00055196	0.000393797	0.000345147	0.000477754	0.000388814	0.000400265	0.000485618	0.000372818	0.000308235	0.000203072	0.000292451	0.000306272	0.000201074	0.000283586	0.000274441	0.000226264
Argininosuccinic acid	0.000335477	0.000316829	0.000318891	0.000234088	0.00032903	0.000345294	0.000257515	0.000369761	0.000412636	0.000621684	0.000631334	0.000752537	0.000817698	0.000506908	0.000538513	0.000495555
Thiamine pyrophosphate	0.001777146	0.001786063	0.00175435	0.001551752	0.001963553	0.001686522	0.001807614	0.001869623	0.001508625	0.001274133	0.001484162	0.001467084	0.001497349	0.001555131	0.00131166	0.001560894
Cytidine	0.000732296	0.000689821	0.000631712	0.001002875	0.000572218	0.000683054	0.00066597	0.000668797	0.001646467	0.002344292	0.002101376	0.002658977	0.002680302	0.003514381	0.005017596	0.002264866
NAD	0.001220287	0.001293721	0.001171055	0.000999952	0.001393574	0.001293069	0.001384653	0.001458723	0.001073935	0.000767576	0.001032225	0.000678477	0.000831689	0.000859691	0.000643062	0.000971336
Hydroxyproline	0.001091493	0.001471157	0.002192437	0.002264268	0.001443745	0.00158851	0.001924332	0.00152319	0.00230916	0.002875304	0.002300397	0.003235454	0.002351858	0.00309315	0.003073003	0.003330938
4-Hydroxy-3-methoxyphenylglycol	2.88837E-06	3.05058E-06	3.42467E-06	2.50779E-06	2.70864E-06	4.53336E-06	4.08767E-06	3.44357E-06	4.23169E-06	5.80304E-06	5.41037E-06	4.17051E-06	5.75341E-06	5.12329E-06	5.45857E-06	4.95191E-06
Carnitine-C16	8.20871E-05	9.45502E-05	8.3528E-05	9.82301E-05	7.45811E-05	4.89446E-05	3.11422E-05	4.4515E-05	0.000192989	0.001257933	0.00090855	0.000445266	0.000768622	0.000775716	0.000544051	0.000554064
Carbamoylphosphate	1.27499E-05	8.48482E-06	8.7398E-06	9.46312E-06	8.85339E-06	1.13463E-05	1.15748E-05	1.15193E-05	2.98125E-05	3.20353E-05	2.61872E-05	5.57959E-05	2.63252E-05	4.46149E-05	5.7365E-05	2.14119E-05
Gluconic acid	0.001780432	0.001784935	0.001652486	0.001441826	0.001600824	0.001500841	0.001523733	0.001927398	0.002022453	0.002349219	0.00223464	0.002149124	0.001785765	0.002635932	0.0026303	0.002415166
Carnitine-C8	0.002515661	0.002766772	0.00332772	0.004507943	0.002130559	0.002660613	0.002736134	0.001878564	0.004825328	0.004614159	0.00540466	0.004976683	0.006100928	0.004723704	0.005894514	0.003384385
Phospho-L-serine	9.16653E-05	7.69555E-05	0.000111272	0.000100226	9.41871E-05	6.96563E-05	9.4429E-05	0.000100279	0.000111327	0.000131445	0.000181618	0.000138964	0.000186673	0.000124687	0.000162914	0.000143317
Malate	0.008859943	0.008943674	0.008471635	0.008322991	0.007804298	0.009239138	0.008884856	0.008884482	0.00677795	0.006965253	0.007465815	0.007297127	0.008214832	0.007865377	0.007833293	0.007308077
2-Aminoadipic acid	0.000516391	0.000475461	0.000478311	0.000467936	0.000446715	0.000504191	0.000511325	0.000478164	0.000488231	0.000765191	0.000662697	0.000847576	0.000969663	0.000739107	0.000711102	0.000741675
Phosphoethanolamine	0.006728563	0.007181146	0.007208151	0.006677748	0.007822919	0.006484628	0.007425125	0.00757941	0.006574373	0.005766442	0.006181986	0.005165872	0.005718916	0.006037176	0.005647396	0.006442549
Isoleucine	0.001876713	0.002377484	0.001974216	0.00181172	0.001133739	0.001107799	0.001739071	0.001347911	0.00194129	0.002654264	0.002997893	0.003021208	0.00268842	0.002527005	0.003381795	0.002930237
Tryptophan	0.001577072	0.001292482	0.000978025	0.000639692	0.00118285	0.001236451	0.001229835	0.000510736	0.003190589	0.00484629	0.001694095	0.008101783	0.004712272	0.006351724	0.006511965	0.003325653
Carnitine-C4	0.010466939	0.009455078	0.01053837	0.010643916	0.009412362	0.009271412	0.009514945	0.010676885	0.010100528	0.007533128	0.007096837	0.005642643	0.008336089	0.005954017	0.006397106	0.006351333
Glycerophosphorylcholine	0.020225811	0.022795118	0.023575546	0.022354296	0.022448718	0.020950975	0.019403303	0.023656159	0.012626533	0.01443685	0.016099446	0.015028735	0.017426349	0.020026746	0.017069959	0.020143687
Uracil	6.9649E-05	7.40793E-05	7.45965E-05	8.59295E-05	7.59022E-05	5.48285E-05	5.3128E-05	7.46081E-05	0.000238308	0.000312754	0.000213252	0.000595447	0.000364944	0.000509487	0.00082019	0.000338869
Hypoxanthine	0.006645815	0.004101839	0.006705491	0.0069076	0.003661145	0.004301597	0.0046285	0.004473606	0.006030538	0.00927713	0.007655158	0.010958136	0.00793031	0.00872726	0.009155367	0.008248975
Acetylcarnitine	0.00436597	0.003835377	0.004497045	0.004381617	0.003564835	0.004265629	0.004048184	0.003833205	0.005522927	0.005575279	0.004962399	0.006319676	0.007089623	0.005539527	0.007414242	0.004409923
Carnitine-C12	0.001734089	0.002288288	0.001976809	0.002940871	0.001703272	0.002168995	0.001558904	0.001160557	0.00242221	0.004144165	0.005298999	0.002636584	0.004704016	0.00463702	0.003225785	0.00357307
Carnitine-C14	0.001209604	0.001322287	0.00117419	0.001408249	0.000943491	0.000828578	0.000463497	0.000652035	0.001683746	0.007897108	0.006694999	0.002222954	0.005361961	0.005587467	0.002842318	0.004582703
Phosphocreatine	0.005355706	0.006785957	0.005981851	0.005250438	0.008852045	0.006568745	0.007462351	0.008378188	0.005346775	0.004021101	0.003945221	0.003013631	0.004898093	0.003699603	0.002758143	0.005468316
2-Phosphoglyceric acid	0.00062774	0.000560582	0.000585374	0.000449616	0.000444344	0.000488706	0.000641528	0.000688504	0.000477871	0.000351865	0.000463707	0.000165864	0.00037708	0.000253056	0.000209296	0.000355446
Orotic acid	5.41569E-05	5.67148E-05	4.92352E-05	5.22927E-05	5.85723E-05	6.21246E-05	6.08979E-05	5.97688E-05	5.658E-05	7.2272E-05	0.00010378	0.000102507	0.000129256	0.000118481	0.000123307	7.92174E-05
Fructose 1,6-bisphosphate	0.029667762	0.028744027	0.033921992	0.035703879	0.029676925	0.031525619	0.031467796	0.03070233	0.030726086	0.026418543	0.026162699	0.017120584	0.023516434	0.019748972	0.016895909	0.024802715
Allantoin	0.000304355	0.000281769	0.000323244	0.000365519	0.000266996	0.000280517	0.000329055	0.000354185	0.000371369	0.000512816	0.000410526	0.000648722	0.000412817	0.000590615	0.000697271	0.000415299
3-Ketodihydrosphingosine	1.43644E-06	1.14449E-06	1.03339E-06	1.36364E-06	6.54E-07	7.93702E-07	6.40604E-07	1.52319E-06	3.91174E-06	5.8684E-05	6.8063E-05	5.39341E-05	2.51459E-05	3.01834E-05	7.84667E-06	4.40415E-05
ADP	0.187661385	0.175745566	0.183484728	0.191595281	0.174491119	0.183743204	0.186189748	0.181175034	0.176137941	0.162088502	0.173271549	0.1737634	0.172321924	0.158021296	0.164944262	0.175783286
Ethanolamine	7.62729E-05	8.1857E-05	5.78558E-05	5.68615E-05	8.33785E-05	7.21737E-05	7.24085E-05	6.91147E-05	0.000112519	0.000147189	0.000165151	0.000456539	0.000234955	0.000275344	0.000270446	0.000180657
dTMP	1.37778E-05	1.14286E-05	1.19956E-05	1.57352E-05	1.09339E-05	1.2369E-05	1.15135E-05	1.03924E-05	2.19726E-05	2.74104E-05	3.0476E-05	7.65782E-05	2.40077E-05	3.72079E-05	4.27751E-05	4.27838E-05
Citrulline	0.001742844	0.002275521	0.001844181	0.001545315	0.001623767	0.001730686	0.001683761	0.001617736	0.002392079	0.002403334	0.002193156	0.002188441	0.002518959	0.002154972	0.001757522	0.002768085
Pyridoxine	2.5106E-05	2.21249E-05	1.34733E-05	8.39169E-05	1.97931E-05	2.69427E-05	3.82445E-05	4.29354E-05	4.08341E-05	7.09697E-05	6.14561E-05	9.64934E-05	8.10481E-05	0.000104677	0.000112173	6.9183E-05
Kynurenine	0.000449655	0.000323529	0.000557781	0.000257164	0.000497746	0.000512763	0.00046983	0.000195388	0.003774819	0.002804472	0.000340061	0.003452311	0.001907998	0.002393125	0.003244582	0.000321485
Betaine	0.013393964	0.013093429	0.011054708	0.010535284	0.013074696	0.011814243	0.0118635	0.012944194	0.014864427	0.018201151	0.023125257	0.024658126	0.016245317	0.022268043	0.022734706	0.010862617
Trimethyllysine	0.000830479	0.000916199	0.000939292	0.000938271	0.001110477	0.001046079	0.000870116	0.001040307	0.000951314	0.001137012	0.001032672	0.001287433	0.001233701	0.001313104	0.00133958	0.001350986
sn-Glycerol 3-phosphate 	0.004546317	0.003601843	0.004674964	0.00406941	0.002963361	0.002665782	0.003656735	0.003965161	0.002830577	0.002922942	0.003138188	0.002455362	0.002998297	0.002585472	0.002422446	0.002677027
2'-Deoxyadenosine	2.70547E-05	3.55659E-05	3.91752E-05	2.81372E-05	3.94263E-05	3.95039E-05	3.55085E-05	3.62049E-05	6.76973E-05	5.9014E-05	3.94391E-05	3.52155E-05	6.15481E-05	5.39906E-05	4.23819E-05	6.06454E-05
Proline	0.018132738	0.013128502	0.011148164	0.008415654	0.010519128	0.010937071	0.009517123	0.012638429	0.008433988	0.008370503	0.008638384	0.00732478	0.006417282	0.007924548	0.007009519	0.007260024
NADP	0.001360945	0.001167753	0.001022372	0.000843728	0.000897198	0.001335799	0.001218298	0.00094018	0.001088474	0.000557542	0.001011009	0.000602001	0.000555359	0.000347309	0.000417246	0.000672042
3-Ureidopropionic acid	0.000264543	0.000185588	0.000123224	0.00012845	0.000109055	0.000110274	0.000157944	0.00017545	0.001233873	0.002397837	0.000603309	0.002219119	0.000638539	0.002581659	0.003815973	0.000500849
Xanthine	0.002477703	0.002808435	0.002853751	0.002812939	0.003030678	0.002928977	0.002759281	0.003222458	0.002687875	0.003381582	0.003647397	0.003761566	0.003842895	0.004051865	0.004314645	0.005276478
3-OH-anthranilate	2.90743E-07	2.98845E-07	3.01388E-07	2.77804E-07	3.16823E-07	2.95786E-07	3.11395E-07	3.27623E-07	2.86717E-05	3.13799E-05	3.00255E-07	5.24844E-05	2.55756E-05	2.16006E-05	5.99501E-05	3.31275E-07
S-Adenosyl-methionine	0.008202046	0.007453532	0.007405458	0.007897394	0.008088182	0.007247009	0.007923175	0.007427693	0.010104714	0.009506181	0.008131394	0.008479446	0.009648782	0.008870136	0.008039645	0.011664446
6-Phosphogluconic acid	0.000725312	0.001017518	0.000833541	0.000765641	0.001210603	0.001122988	0.001139398	0.001025782	0.000863043	0.000701108	0.000746772	0.000591195	0.000754037	0.000717926	0.000584681	0.00081221
UDP	0.080114504	0.070392222	0.071344615	0.083856075	0.066202783	0.085260398	0.080657513	0.075183939	0.072699331	0.070817952	0.068396534	0.065725058	0.051481906	0.045407603	0.040082517	0.057612165
Gluconolactone	9.25738E-06	9.95911E-06	9.79667E-06	9.57903E-06	1.34353E-05	9.46297E-06	1.00932E-05	1.26957E-05	1.00828E-05	7.00172E-06	9.01761E-06	8.55874E-06	8.31452E-06	6.76454E-06	7.43461E-06	7.76673E-06
Carnitine-C3	0.003911439	0.00334213	0.003651098	0.003412075	0.003402343	0.003523409	0.00382088	0.003203392	0.007436042	0.006842092	0.005829263	0.005628531	0.005003621	0.003605882	0.004924718	0.003209896
Uridine	2.07359E-05	1.80065E-05	2.02483E-05	3.0035E-05	1.6133E-05	1.7423E-05	1.93401E-05	1.85431E-05	3.55142E-05	5.1304E-05	3.40119E-05	6.39243E-05	5.10869E-05	0.000119589	0.000145812	5.26385E-05
Malonate	5.35643E-05	5.81109E-05	6.42417E-05	6.41195E-05	6.75032E-05	5.86545E-05	5.6132E-05	6.54662E-05	5.84807E-05	8.71449E-05	6.3494E-05	7.52065E-05	0.000113188	9.18851E-05	8.36239E-05	7.95843E-05
Acetylcholine	0.029181225	0.028685508	0.042066774	0.02580009	0.043961391	0.026604249	0.034838656	0.032020117	0.013880061	0.019224438	0.020995461	0.019313545	0.023752679	0.033205943	0.027639731	0.022010866
2-Aminooctanoic acid	0.00014641	0.000147518	0.000102661	9.99203E-05	8.25826E-05	9.02676E-05	7.7661E-05	0.000130936	0.000184679	0.000217899	0.000246443	0.000164149	0.000275223	0.000422245	0.000156035	0.000571183
1-Methyladenosine	0.000676615	0.000669546	0.000640733	0.000605661	0.000641458	0.000685469	0.000633843	0.000716556	0.000643552	0.000681753	0.000745681	0.000718057	0.000758327	0.000808398	0.000891349	0.000816376
dCDP	0.000130915	0.000117866	0.000123011	0.000147612	0.000116605	0.00015413	0.000139747	0.000135482	8.95189E-05	0.000106425	0.000124388	0.000145123	8.14853E-05	9.25221E-05	9.89014E-05	0.000102072
3,4-Dihydroxyphenylacetic acid	9.85829E-06	9.34529E-06	1.05023E-05	1.206E-05	1.08958E-05	1.16567E-05	1.26902E-05	1.28139E-05	9.83231E-06	7.3879E-06	6.37928E-06	6.85331E-06	1.14971E-05	7.35728E-06	1.0509E-05	9.2721E-06
Indole-3-carboxylic acid	5.33657E-06	5.73654E-06	7.44328E-06	1.6533E-05	6.30059E-06	6.54167E-06	7.75849E-06	5.69633E-06	1.20607E-05	1.57829E-05	8.43614E-06	2.58642E-05	1.59926E-05	2.34967E-05	4.26553E-05	1.86046E-05
Carnitine	0.004865599	0.004775594	0.005480239	0.005133832	0.005408051	0.005108737	0.004974748	0.005504833	0.008768544	0.007554422	0.007115949	0.005471947	0.006394063	0.00560485	0.00596732	0.005406409
5-Hydroxylysine	3.34392E-05	3.776E-05	3.88388E-05	5.30324E-05	3.95996E-05	3.8658E-05	3.18889E-05	3.70906E-05	3.80871E-05	6.03481E-05	6.74255E-05	8.26176E-05	6.12518E-05	0.000134637	0.000147594	6.79977E-05
N-Acetyl-L-alanine	0.000802755	0.000771196	0.000738868	0.000664925	0.000814053	0.000800964	0.000811435	0.000814498	0.000757088	0.000837702	0.000922924	0.000883614	0.000831538	0.000940811	0.00087264	0.000869345
Creatinine	0.001773338	0.001895234	0.001878685	0.001556453	0.002078951	0.002041593	0.002143752	0.002475092	0.001865805	0.001485599	0.001595843	0.001242081	0.001636684	0.001658043	0.001476282	0.001854222
Pyroglutamic acid	0.000351948	0.000275019	0.000340973	0.000449252	0.000280699	0.000383017	0.000412164	0.000322388	0.000348939	0.000456475	0.000387381	0.000423703	0.000517164	0.000626375	0.000465835	0.000512608
XMP	0.001212369	0.000696062	0.000651231	0.000636173	0.000270818	0.000962075	0.000873227	0.000418959	0.000515966	0.000287571	0.000449076	0.000676114	0.000236852	0.000128447	9.62315E-05	0.000189165
Alpha-D-Galactose 1-phosphate	0.007595476	0.00833906	0.00666868	0.006253124	0.009004448	0.008301302	0.008034672	0.009958093	0.006797746	0.006363132	0.006721545	0.005887858	0.006499551	0.006747008	0.005048414	0.007796483
GSH	0.026975744	0.027513446	0.026097727	0.028790801	0.029061504	0.026667289	0.026989969	0.02429634	0.027435934	0.024403282	0.024911394	0.020011287	0.023943025	0.022398864	0.02135899	0.02674688
Tyrosine	0.002995773	0.003171074	0.003273191	0.002860131	0.002922035	0.003030906	0.002881672	0.002414099	0.001990203	0.003382796	0.004899888	0.00480784	0.005295037	0.005781331	0.004128008	0.003581934
Riboflavin	0.000353345	0.000445808	0.000513088	0.000818066	0.001025396	0.000634387	0.000187049	0.000940258	0.000875387	0.001352679	0.000608634	0.000651124	0.001538365	0.001874793	0.001069846	0.002138094
Leucine	0.003729369	0.004066472	0.004039415	0.003633226	0.002895928	0.002526205	0.003257156	0.002889469	0.004060676	0.005334632	0.005055466	0.00410256	0.004125332	0.004631697	0.004493157	0.002882868
Pyridoxal 5'-phosphate	0.001127851	0.001067454	0.001001561	0.000934686	0.00107876	0.001030822	0.001085929	0.001052164	0.00119789	0.001129123	0.00122825	0.001328302	0.001045069	0.001219877	0.001086198	0.001065306
Histidine	0.00187383	0.002509411	0.002225081	0.00191231	0.002254368	0.002201379	0.002251735	0.001814972	0.002485209	0.002604888	0.003677024	0.002343211	0.003391014	0.002376524	0.002128456	0.003961009
Isocitrate	0.000196071	0.000238667	0.000172613	0.000152334	0.000244755	0.000199896	0.000231666	0.000247187	0.000230396	0.000239667	0.000249818	0.000191645	0.00030557	0.000301059	0.000288832	0.000293347
Carnitine-C6	0.000885743	0.001002429	0.001163843	0.001213174	0.000773061	0.001033742	0.000932422	0.000749823	0.001503655	0.001455811	0.001416614	0.001393755	0.001806395	0.000860494	0.000957843	0.001058853
cAMP	0.000725607	0.000602635	0.000610349	0.000668361	0.000739476	0.000533925	0.000677036	0.000636711	0.000525588	0.000565358	0.000494058	0.000522508	0.000529445	0.00070295	0.000623688	0.000464181
AICAR	0.000100844	9.48575E-05	0.000101887	9.88557E-05	0.000135782	0.000119147	0.000145802	9.83748E-05	0.00010446	0.000120498	0.000126023	0.000207556	0.000155584	0.000281118	0.000229905	0.000152315
2-Hydroxyisocaproic acid	0.000475664	0.00041362	0.000416732	0.000117192	0.000576793	0.000617009	0.000348394	0.000675233	0.000279802	0.000571718	0.000272729	9.66559E-05	0.000163995	0.000286589	0.000107738	5.66711E-05
Dopamine	0.000130269	0.000151539	0.000134157	3.73629E-06	6.17579E-06	0.000144727	0.000146676	0.000109093	3.55694E-05	1.64299E-05	0.000101858	5.75866E-05	5.41974E-05	2.41322E-06	1.44211E-06	3.84484E-05
Fumaric acid	0.000482154	0.0004552	0.000403667	0.000402817	0.000425456	0.000450431	0.000449636	0.000437167	0.000346305	0.000397139	0.000398829	0.000424239	0.000402956	0.000444827	0.000418076	0.000403531
Glutamate	0.004272576	0.004111869	0.004056915	0.004130556	0.00438701	0.004450919	0.004385721	0.004220173	0.003889899	0.003675	0.004061501	0.003928916	0.004482645	0.003844682	0.003925362	0.004260018
Glucarate	9.51262E-05	9.17994E-05	0.000104763	0.000105821	0.000102016	0.000100766	0.000102445	0.000105715	0.000111032	0.000122313	0.000107636	0.000117848	9.73679E-05	0.000115899	0.000104261	9.97081E-05
Biotin	0.000364684	0.000337952	0.000781153	0.000462002	0.000791206	0.000729642	0.000943646	0.000946443	0.000548892	0.001437398	0.000368498	0.001143388	0.000926757	0.002399841	0.001769877	0.001305118
5-Aminolevulinic acid	0.000193241	0.000303865	0.000405115	0.000375629	0.000312636	0.000329674	0.000378077	0.000252052	0.000420637	0.000396526	0.000356371	0.000386881	0.000351703	0.000424412	0.000306803	0.000521942
Anthranilate	2.25173E-05	1.32486E-05	1.59396E-05	1.38941E-05	2.51354E-05	2.75584E-05	1.99172E-05	9.27668E-06	2.43391E-05	2.55917E-05	1.10976E-05	8.59354E-05	4.51467E-05	4.58833E-05	7.08416E-05	1.5592E-05
dAMP	0.000190694	0.000199626	0.000185632	0.000186281	0.000253366	0.000218476	0.000209799	0.000240491	0.000197544	0.000218773	0.000242454	0.000238198	0.000236002	0.00025872	0.000239185	0.000263016
cis-Aconitic acid	0.001800988	0.001295737	0.000989905	0.001384915	0.001543148	0.001139141	0.00161666	0.00202715	0.001566307	0.001935587	0.001999214	0.001618753	0.002075349	0.001676593	0.001930314	0.001551106
5-Hydroxyindoleacetic acid	0.002239635	0.002045503	0.001783814	0.00112458	0.002574165	0.002417703	0.002480833	0.002015317	0.00212691	0.001971227	0.001449466	0.004923337	0.003943183	0.007954716	0.005464437	0.002702661
Kynurenic acid	9.85248E-06	6.61069E-06	9.90116E-06	6.89037E-05	1.22156E-05	1.83466E-05	2.50561E-05	1.11664E-05	3.94655E-05	4.70387E-05	1.07813E-05	0.000113755	3.35016E-05	6.57031E-05	0.000133106	1.37597E-05
Nicotinamide	0.002338154	0.002398401	0.001964043	0.002191156	0.003271318	0.003477573	0.002097108	0.002187719	0.002577606	0.002837875	0.003948216	0.011993611	0.003800611	0.003752514	0.007209114	0.003142811
Guanine	7.81575E-05	8.87832E-05	6.61128E-05	0.000123232	6.93289E-05	8.07841E-05	8.61313E-05	8.92583E-05	0.000102106	0.000126974	0.000130757	0.000115906	0.000110353	0.000440515	0.000473219	0.000111774
3-Nitro-tyrosine	0.000162738	0.000154641	0.000219041	0.000336545	0.000174339	0.000179245	0.000188153	0.000173096	0.000227183	0.000270029	0.000231625	0.000269783	0.000210139	0.000257895	0.000242232	0.000243139
AMP	0.011119981	0.008267224	0.008678247	0.014175363	0.008257333	0.011999631	0.009999344	0.010049463	0.007896301	0.008648919	0.007181231	0.011195861	0.007302889	0.008340641	0.009713508	0.008207935
Glucose-Fructose	1.37544E-05	1.33091E-05	1.27017E-05	1.25827E-05	1.8321E-05	1.56367E-05	1.45936E-05	2.27932E-05	1.40708E-05	2.23761E-05	1.65509E-05	9.70595E-06	2.61783E-05	2.20007E-05	3.35776E-05	2.94007E-05
Taurocholic acid 	1.68212E-05	2.25384E-05	2.76621E-05	1.87226E-05	1.97681E-05	1.63558E-05	2.0782E-05	1.72962E-05	3.72723E-05	5.25342E-05	5.87334E-05	6.24269E-05	6.4368E-05	0.000398708	0.0001337	3.94859E-05
IMP	0.000541577	0.00038192	0.000568751	0.000842009	0.000382847	0.000354803	0.000313693	0.000364021	0.000347019	0.000855234	0.000442234	0.001160477	0.000791996	0.000720435	0.0007892	0.000439116
4-Hydroxyphenylpyruvic acid	6.74284E-05	7.67374E-05	7.2541E-05	3.64361E-05	4.95358E-05	7.6881E-05	8.14783E-05	6.51725E-05	3.27695E-05	5.31746E-05	0.000107992	0.000141375	0.000129155	0.000173036	7.78716E-05	7.92054E-05
Taurochenodeoxycholate	4.41294E-06	5.61017E-06	3.04845E-06	2.87557E-06	6.83769E-06	9.75524E-06	4.0339E-06	3.32758E-06	3.51045E-06	3.36971E-06	8.5738E-06	8.30789E-06	1.2426E-05	1.98089E-05	9.93026E-06	5.26699E-06
3-Phenyllactic acid	0.00052093	0.000483985	0.00104709	0.000340584	0.000803318	0.000874793	0.000574752	0.001066702	0.000372196	0.001216275	0.000435076	0.000184455	0.000339238	0.000515766	0.000198301	0.000106786
dCMP	0.000105139	9.08827E-05	9.41147E-05	9.04788E-05	9.35196E-05	0.000105625	9.2212E-05	0.000107478	8.12692E-05	9.53192E-05	0.000116547	0.000119801	0.000103949	0.000118172	0.000128721	0.000101457
ADP-ribose	0.009097419	0.007286269	0.007876171	0.009996285	0.009234261	0.007975885	0.008132485	0.008589224	0.008235679	0.009415643	0.008482023	0.010227406	0.008486061	0.013070233	0.014151339	0.008409458
cGMP	1.78539E-05	3.0922E-05	1.57265E-05	5.7099E-05	3.19003E-05	2.22527E-05	2.73622E-05	2.35607E-05	3.1531E-05	3.77101E-05	2.54902E-05	3.57082E-05	4.02657E-05	0.000281479	0.00028326	5.69883E-05
Methionine sulfoxide	0.000117079	0.000133162	0.000150443	0.000326445	0.000129457	0.000122931	0.0001461	0.000131987	0.00013032	0.000177542	0.000203566	0.000186136	0.000201453	0.001514895	0.001567775	0.000328544
Adenosine	0.001107469	0.000955479	0.000870929	0.001255461	0.001009882	0.000869763	0.000910985	0.00100943	0.001148179	0.001252167	0.001058044	0.00109377	0.000904913	0.001124654	0.001215967	0.000992488
Carnosine	0.000653456	0.001013962	0.001742935	0.001411361	0.000988648	0.00174646	0.001654633	0.00032054	0.00121766	0.001293791	0.001381863	0.000499472	0.000625449	0.000398659	0.000551231	0.000477615
Xanthosine	0.000132085	0.000198588	0.0001711	0.000280986	0.000201205	0.00019369	0.00018361	0.000194069	0.00018326	0.000126253	0.00023812	0.000236468	0.000273686	0.000224969	0.000275035	0.00029618
Thymidine 5'-diphosphate	0.000155471	0.000127648	0.000129618	0.000209474	0.000134002	0.000167216	0.000156587	0.000148912	0.000158581	0.000202777	0.000169766	0.000365778	0.000154099	0.000153366	0.0001798	0.000161696
Spermidine	0.01970231	0.018738363	0.018543223	0.023740566	0.024813733	0.019562935	0.020737295	0.020468152	0.022861859	0.022542739	0.018161066	0.019613853	0.021825866	0.026133638	0.028037759	0.02341659
Guanosine	0.002853854	0.002163817	0.00232266	0.004804684	0.002167332	0.002035764	0.002471956	0.002412586	0.002192195	0.003375778	0.002929695	0.003812309	0.003407139	0.003110759	0.003837444	0.002905371
Vitamin B12	1.57183E-05	1.59799E-05	1.2637E-05	9.21732E-06	1.34084E-05	1.37487E-05	1.58501E-05	1.1411E-05	1.6101E-05	1.50839E-05	1.54229E-05	1.75234E-05	1.39E-05	1.27927E-05	1.40289E-05	1.46587E-05
Inosine	0.000728901	0.000531842	0.000657399	0.000930732	0.00063757	0.000601481	0.000525009	0.000561563	0.000584778	0.000790851	0.000503552	0.000814003	0.000695864	0.001192159	0.001312754	0.000604237
FAD	0.003342263	0.003383416	0.003649947	0.00390609	0.004097662	0.003197401	0.002966405	0.003386372	0.0032422	0.003328053	0.003383986	0.002911878	0.003293956	0.003475032	0.003532847	0.00318153
N-Acetyl-D-glucosamine 6-phosphate	0.001206539	0.00122104	0.001133359	0.001083119	0.001278979	0.001170906	0.001259698	0.001457682	0.000957642	0.001033464	0.001224155	0.001440739	0.001065281	0.001102543	0.001012198	0.00126208
dUMP	3.65819E-05	3.91359E-05	3.63871E-05	3.32608E-05	3.43486E-05	3.71141E-05	3.91765E-05	3.04857E-05	4.18236E-05	3.65796E-05	5.05889E-05	7.08479E-05	3.15419E-05	3.32536E-05	3.20095E-05	3.46218E-05
Pantothenic acid	0.005336759	0.005718927	0.007320969	0.007359694	0.00791628	0.007065228	0.006798783	0.007871794	0.006420565	0.006375764	0.005739433	0.006029575	0.007541406	0.006983385	0.00687275	0.005986374
Hydroxyglutaric acid	0.001923349	0.001956857	0.002014553	0.00043257	0.000506288	0.000479837	0.000575547	0.002402915	0.000320881	0.000368865	0.000317641	0.000364889	0.001390872	0.002152358	0.001739974	0.000421817
UMP	0.004496359	0.00401682	0.004353171	0.006119918	0.00414246	0.005627549	0.004772634	0.004679228	0.00363819	0.005132407	0.004225137	0.005315795	0.004164841	0.004006001	0.004399682	0.004708035
Alanine-Sarcosine	0.001334921	0.001277419	0.000953935	0.001004258	0.001421862	0.00162432	0.001237909	0.00122851	0.001322166	0.001346416	0.001846351	0.000964104	0.001274304	0.001601447	0.001089635	0.001596539
Asparagine	0.000593059	0.000637935	0.000714122	0.00067597	0.000663873	0.000688141	0.000660568	0.000738731	0.000572362	0.000690365	0.000516728	0.000533435	0.000550394	0.000765388	0.000701145	0.000755177
Spermine	0.008952852	0.005057599	0.00477756	0.019407227	0.01590501	0.006590156	0.006309642	0.008104226	0.01667587	0.008308203	0.004482804	0.004295646	0.007570495	0.015410884	0.038775213	0.008660635
Inositol	0.000164927	0.000157201	0.000185199	0.000178716	0.000190638	0.000163502	0.000171279	0.000212217	0.00017281	0.000170696	0.000171064	0.000160697	0.000160029	0.000248807	0.000209596	0.000213724
Cholic acid	5.89869E-08	9.33388E-08	6.54943E-08	2.95927E-07	9.06884E-08	6.32413E-08	3.11245E-07	1.37925E-07	6.96579E-08	1.3586E-07	1.05724E-07	1.0391E-07	8.28499E-08	5.81903E-07	5.08682E-07	5.52697E-08
3-Methoxytyramine	2.17643E-06	2.12554E-06	3.75076E-06	1.76923E-06	3.24969E-06	4.61631E-06	2.81125E-06	2.19008E-06	3.91155E-06	2.37241E-06	2.22953E-06	4.63421E-06	2.14621E-06	2.78687E-06	2.79545E-06	5.07449E-06
Putrescine	0.001487159	0.001393771	0.001316582	0.001191239	0.001204117	0.00132718	0.001576084	0.001480833	0.001674518	0.001565635	0.001227572	0.001161848	0.00126374	0.001108891	0.00069598	0.001535952
O-Acetyl-serine	0.000102108	9.21329E-05	0.000106525	0.000132989	0.000184639	0.000141231	0.000154382	8.25732E-05	0.000180811	0.000150996	0.000130164	0.000120789	0.000227809	0.000105781	8.57356E-05	0.000116021
G6P-F6P	0.001416844	0.001795981	0.001309502	0.001273863	0.002337138	0.002008616	0.00183922	0.001848795	0.00185432	0.001672018	0.001752287	0.00162147	0.001805002	0.002185151	0.001609257	0.002278636
Ornithine	0.000682251	0.000502712	0.000599193	0.000461127	0.000477568	0.00047968	0.000418757	0.000509994	0.000561324	0.00062194	0.000895234	0.000477889	0.000589048	0.000477102	0.000445772	0.000425373
Carnitine-C5	0.011634958	0.043911337	0.015584787	0.011639797	0.008810607	0.009101255	0.012523913	0.009535537	0.021311844	0.022894237	0.024459809	0.018175178	0.015884332	0.011345185	0.020963742	0.012042947
Ribose 5-phosphate	0.000905899	0.000867075	0.000907641	0.000915528	0.000793405	0.000857652	0.000939139	0.000978284	0.000912133	0.001007222	0.000859919	0.000898768	0.00088234	0.000811093	0.000773964	0.000849462
N-Acetyl-L-lysine	0.001900275	0.001865719	0.001076147	0.001843169	0.002065798	0.001988553	0.002019416	0.00210546	0.00230984	0.002099655	0.001233487	0.001987206	0.002036435	0.001923488	0.001794398	0.002313071
1-Methylnicotinamide	0.000527416	0.000639747	4.36314E-05	2.47303E-05	0.000759011	0.000719566	0.000498003	0.000422064	0.000277237	0.000210225	0.000217089	0.001541812	0.001152695	0.000134803	0.000920824	0.000240447
Lactic acid	0.000775254	0.000732173	0.000645015	0.000718487	0.000626201	0.000652141	0.000580657	0.00063414	0.000566561	0.000698661	0.000735561	0.000610775	0.000843636	0.001005853	0.000614689	0.000571532
Anserine	0.000248781	0.000160857	0.000369949	0.000283916	0.000164459	0.000260224	0.0001918	0.000147569	0.000170941	0.000150669	0.000278168	0.000164088	0.000247529	0.000233197	0.000226823	0.000648399
Pyruvate	7.36902E-05	6.46989E-05	6.42951E-05	5.53729E-05	4.98545E-05	7.07201E-05	7.33842E-05	6.88841E-05	5.59909E-05	5.56882E-05	6.3165E-05	4.96391E-05	8.03873E-05	7.03685E-05	5.83701E-05	6.78206E-05
Choline	0.003570637	0.003803417	0.003813565	0.003576236	0.003799353	0.003678614	0.003061192	0.003489859	0.001956195	0.002593892	0.003132651	0.004694484	0.003461404	0.004358246	0.00412119	0.003072831
GDP	0.036759365	0.032734535	0.033824466	0.039380407	0.031374144	0.038115632	0.037909059	0.036075578	0.035595515	0.037715248	0.03379959	0.037958299	0.035783153	0.034248522	0.031837909	0.03466607
NAAD	7.19166E-06	6.05935E-06	5.18897E-06	5.74357E-06	6.94353E-06	6.84532E-06	7.19051E-06	7.34161E-06	6.66633E-06	7.8348E-06	6.66998E-06	7.30441E-06	7.76589E-06	5.90223E-06	4.82198E-06	7.21622E-06
Trimethylamine N-oxide	0.000160006	0.000155756	5.42329E-05	4.69119E-05	8.4741E-05	0.000108467	7.4838E-05	4.72169E-05	4.1521E-05	5.30897E-05	0.000266973	2.68824E-05	5.70602E-05	5.31292E-05	1.91505E-05	0.000111198
Urea	0.003355482	0.003382649	0.002879839	0.002315668	0.003799794	0.003381172	0.002839703	0.002817415	0.004216582	0.00289313	0.00314198	0.002340829	0.004583532	0.002574108	0.002903077	0.003003201
S-Methyl-5'-thioadenosine	0.004440398	0.004338903	0.003869031	0.003542997	0.005119523	0.004334142	0.004771765	0.004307481	0.004904255	0.004586782	0.00422132	0.004731109	0.004620684	0.003877095	0.003665052	0.004701587
Citrate	0.016492626	0.017449066	0.012997461	0.012694044	0.017826926	0.02091029	0.018148605	0.017442607	0.016794924	0.014218207	0.016836532	0.016300294	0.017176918	0.01545083	0.016247257	0.018500417
N,N-Dimethylglycine	0.004765905	0.004864516	0.005023607	0.004715068	0.004946249	0.004842179	0.00459997	0.004582693	0.002907972	0.004112256	0.004303876	0.006428846	0.004830259	0.006097008	0.005964145	0.004631795
N-Acetylputrescine	0.00131007	0.000763482	0.000904266	0.001022108	0.000764593	0.000894882	0.000910956	0.00096302	0.0013286	0.001185744	0.000809249	0.00106003	0.000980661	0.000719805	0.0005923	0.001039565
Alpha-Ketoglutaric acid	0.000596328	0.000678177	0.000584415	0.000480865	0.000674665	0.000799339	0.000879293	0.000688142	0.000623283	0.000462811	0.000609837	0.000596679	0.000744547	0.00072109	0.00070395	0.000820114
Dehydro-L-ascorbic acid dimer	6.48467E-05	0.000111254	0.000141906	0.000123421	0.000111823	9.70483E-05	7.6649E-05	0.000130845	6.08493E-05	0.000177467	0.00011273	8.77237E-05	0.000177961	9.06723E-05	4.13689E-05	0.00013953
GMP	0.005980157	0.004643582	0.004608893	0.007281361	0.004236186	0.005989808	0.005367472	0.005155908	0.004616956	0.005889372	0.004492344	0.006860929	0.004816252	0.005472412	0.006281771	0.00515136
S-(5'-Adenosyl)-L-homocysteine	1.18449E-05	9.93485E-06	1.09804E-05	5.69457E-06	5.53501E-06	1.19317E-05	1.17503E-05	1.24306E-05	9.51641E-06	9.30537E-06	1.57669E-05	1.50047E-05	1.05481E-05	4.78289E-06	4.54165E-06	9.59597E-06
Sorbitol	2.73678E-05	3.19194E-05	2.83251E-05	2.98176E-05	2.37492E-05	2.28981E-05	3.1384E-05	3.7807E-05	6.131E-05	2.56692E-05	2.81862E-05	1.23362E-05	3.44495E-05	2.00553E-05	1.78825E-05	3.43251E-05
Succinate	0.002610992	0.002933208	0.002949813	0.002815833	0.002656417	0.002747758	0.002708922	0.002528001	0.002509155	0.002590734	0.00296628	0.002731228	0.002385324	0.003060475	0.002915362	0.002802956
